[51.7392360, -1.2054950],
[51.7389710, -1.2063360],
[51.7389390, -1.2063030],
[51.7389970, -1.2064180],
[51.7390820, -1.2065740],
[51.7390430, -1.2066010],
[51.7389870, -1.2066810],
[51.7389640, -1.2067090],
[51.7389130, -1.2067680],
[51.7388850, -1.2067930],
[51.7388600, -1.2068150],
[51.7388080, -1.2068330],
[51.7387780, -1.2068410],
[51.7387490, -1.2068500],
[51.7387160, -1.2068620],
[51.7386830, -1.2068770],
[51.7386490, -1.2068950],
[51.7386140, -1.2069060],
[51.7385760, -1.2069150],
[51.7385350, -1.2069240],
[51.7385000, -1.2069360],
[51.7384690, -1.2069520],
[51.7384220, -1.2070320],
[51.7384060, -1.2070570],
[51.7383700, -1.2071120],
[51.7383510, -1.2071430],
[51.7383130, -1.2072330],
[51.7382890, -1.2072720],
[51.7382570, -1.2072920],
[51.7381840, -1.2073060],
[51.7381440, -1.2073110],
[51.7381030, -1.2073130],
[51.7380660, -1.2073150],
[51.7380360, -1.2073200],
[51.7379870, -1.2073460],
[51.7379420, -1.2074110],
[51.7379130, -1.2074360],
[51.7378870, -1.2074590],
[51.7378610, -1.2074790],
[51.7378270, -1.2075250],
[51.7377970, -1.2075840],
[51.7377560, -1.2076140],
[51.7377050, -1.2076180],
[51.7376190, -1.2075990],
[51.7375490, -1.2075810],
[51.7375140, -1.2075750],
[51.7374590, -1.2075820],
[51.7374400, -1.2076000],
[51.7373850, -1.2076820],
[51.7373460, -1.2077410],
[51.7373340, -1.2077800],
[51.7373160, -1.2078390],
[51.7372770, -1.2078540],
[51.7372360, -1.2078550],
[51.7371820, -1.2078600],
[51.7371560, -1.2078710],
[51.7371040, -1.2078970],
[51.7370850, -1.2079170],
[51.7370330, -1.2079760],
[51.7370140, -1.2079950],
[51.7369660, -1.2080230],
[51.7369400, -1.2080370],
[51.7369130, -1.2080440],
[51.7368830, -1.2080370],
[51.7368490, -1.2080190],
[51.7368120, -1.2080060],
[51.7367270, -1.2079910],
[51.7366390, -1.2079860],
[51.7366060, -1.2079870],
[51.7365750, -1.2079950],
[51.7365520, -1.2080200],
[51.7365460, -1.2080820],
[51.7365420, -1.2081460],
[51.7365370, -1.2082090],
[51.7365320, -1.2082660],
[51.7365090, -1.2083460],
[51.7364740, -1.2083970],
[51.7364560, -1.2084190],
[51.7364190, -1.2084730],
[51.7363790, -1.2085260],
[51.7363350, -1.2085600],
[51.7362890, -1.2085900],
[51.7362610, -1.2085970],
[51.7362030, -1.2086020],
[51.7361570, -1.2086130],
[51.7361180, -1.2086470],
[51.7360390, -1.2087180],
[51.7360260, -1.2087290],
[51.7359680, -1.2087810],
[51.7359570, -1.2087910],
[51.7359210, -1.2088430],
[51.7358980, -1.2089000],
[51.7358620, -1.2089440],
[51.7358320, -1.2090040],
[51.7358180, -1.2090290],
[51.7357530, -1.2090830],
[51.7357290, -1.2090910],
[51.7356790, -1.2091000],
[51.7356330, -1.2091150],
[51.7355840, -1.2091440],
[51.7355350, -1.2091800],
[51.7354800, -1.2092240],
[51.7354530, -1.2092450],
[51.7354270, -1.2092650],
[51.7354010, -1.2092820],
[51.7353460, -1.2093210],
[51.7352920, -1.2093550],
[51.7352380, -1.2093970],
[51.7352160, -1.2094220],
[51.7351930, -1.2094500],
[51.7351680, -1.2094760],
[51.7351420, -1.2095060],
[51.7351150, -1.2095310],
[51.7350880, -1.2095560],
[51.7350610, -1.2095780],
[51.7350110, -1.2096160],
[51.7349830, -1.2096330],
[51.7349550, -1.2096530],
[51.7349290, -1.2096800],
[51.7349040, -1.2097060],
[51.7348790, -1.2097310],
[51.7348190, -1.2097760],
[51.7348080, -1.2097840],
[51.7347590, -1.2098160],
[51.7347130, -1.2098530],
[51.7346870, -1.2098680],
[51.7346620, -1.2098880],
[51.7346160, -1.2099180],
[51.7345700, -1.2099450],
[51.7345260, -1.2099790],
[51.7345010, -1.2100000],
[51.7344510, -1.2100480],
[51.7344060, -1.2100970],
[51.7343800, -1.2101260],
[51.7343470, -1.2101440],
[51.7342850, -1.2101680],
[51.7342250, -1.2101830],
[51.7341590, -1.2101780],
[51.7341240, -1.2101780],
[51.7340900, -1.2101770],
[51.7340590, -1.2101770],
[51.7340320, -1.2101830],
[51.7339900, -1.2102250],
[51.7339590, -1.2103190],
[51.7339580, -1.2103840],
[51.7339620, -1.2104320],
[51.7339740, -1.2104860],
[51.7339890, -1.2105300],
[51.7340050, -1.2105670],
[51.7340100, -1.2106170],
[51.7340150, -1.2106700],
[51.7339780, -1.2106970],
[51.7339470, -1.2107280],
[51.7339760, -1.2107070],
[51.7340100, -1.2106780],
[51.7340510, -1.2106540],
[51.7340910, -1.2106470],
[51.7341320, -1.2106560],
[51.7341710, -1.2106790],
[51.7342100, -1.2107140],
[51.7342830, -1.2107950],
[51.7343150, -1.2108390],
[51.7343280, -1.2108850],
[51.7343250, -1.2109330],
[51.7343240, -1.2109820],
[51.7343310, -1.2110770],
[51.7343480, -1.2111230],
[51.7343630, -1.2111740],
[51.7343740, -1.2112200],
[51.7343670, -1.2113070],
[51.7343650, -1.2113460],
[51.7343860, -1.2113940],
[51.7344220, -1.2114060],
[51.7344560, -1.2114320],
[51.7344920, -1.2115010],
[51.7345230, -1.2115410],
[51.7343030, -1.2118010],
[51.7342620, -1.2118490],
[51.7342260, -1.2118910],
[51.7341990, -1.2119330],
[51.7341530, -1.2120120],
[51.7341430, -1.2120530],
[51.7341320, -1.2121270],
[51.7341090, -1.2121930],
[51.7340560, -1.2122520],
[51.7340250, -1.2122830],
[51.7339930, -1.2123120],
[51.7339370, -1.2123760],
[51.7339110, -1.2124110],
[51.7338840, -1.2124300],
[51.7338560, -1.2124360],
[51.7338300, -1.2124270],
[51.7337860, -1.2124120],
[51.7337500, -1.2124340],
[51.7337020, -1.2124750],
[51.7336540, -1.2125160],
[51.7336280, -1.2125380],
[51.7336040, -1.2125620],
[51.7335510, -1.2126070],
[51.7335270, -1.2126320],
[51.7334980, -1.2126560],
[51.7334750, -1.2126800],
[51.7334520, -1.2127080],
[51.7334300, -1.2127370],
[51.7333870, -1.2127920],
[51.7333390, -1.2128470],
[51.7333120, -1.2128770],
[51.7332840, -1.2129070],
[51.7332600, -1.2129360],
[51.7332150, -1.2129940],
[51.7331760, -1.2130430],
[51.7331350, -1.2130970],
[51.7330970, -1.2131470],
[51.7330400, -1.2131990],
[51.7330060, -1.2132130],
[51.7329800, -1.2132550],
[51.7329680, -1.2132890],
[51.7329480, -1.2133650],
[51.7329340, -1.2134420],
[51.7329170, -1.2135170],
[51.7328900, -1.2135820],
[51.7328270, -1.2136760],
[51.7328180, -1.2136900],
[51.7327810, -1.2137550],
[51.7327650, -1.2137910],
[51.7327500, -1.2138310],
[51.7327340, -1.2138720],
[51.7327190, -1.2139140],
[51.7326960, -1.2139970],
[51.7326830, -1.2140790],
[51.7326460, -1.2141830],
[51.7326080, -1.2142390],
[51.7325780, -1.2143060],
[51.7325610, -1.2143430],
[51.7325400, -1.2144030],
[51.7325050, -1.2144530],
[51.7324730, -1.2144880],
[51.7324430, -1.2145260],
[51.7324310, -1.2145680],
[51.7324600, -1.2146040],
[51.7324970, -1.2146760],
[51.7325130, -1.2147040],
[51.7325770, -1.2147960],
[51.7326020, -1.2148300],
[51.7326260, -1.2148670],
[51.7326460, -1.2149050],
[51.7326620, -1.2149430],
[51.7326750, -1.2149840],
[51.7326860, -1.2150250],
[51.7327010, -1.2151000],
[51.7327070, -1.2151690],
[51.7327180, -1.2152540],
[51.7327250, -1.2153020],
[51.7327320, -1.2153520],
[51.7327390, -1.2154010],
[51.7327420, -1.2154460],
[51.7327390, -1.2154910],
[51.7327330, -1.2155340],
[51.7327240, -1.2155760],
[51.7327060, -1.2156580],
[51.7326960, -1.2157010],
[51.7326790, -1.2157760],
[51.7326610, -1.2158540],
[51.7326550, -1.2159260],
[51.7326540, -1.2160010],
[51.7326500, -1.2160680],
[51.7326410, -1.2161340],
[51.7326250, -1.2162070],
[51.7326020, -1.2162830],
[51.7325860, -1.2163600],
[51.7325700, -1.2165070],
[51.7325610, -1.2165570],
[51.7325480, -1.2166060],
[51.7325190, -1.2166990],
[51.7325020, -1.2167420],
[51.7324870, -1.2167910],
[51.7324720, -1.2168410],
[51.7324790, -1.2169220],
[51.7324800, -1.2169560],
[51.7324760, -1.2170350],
[51.7324820, -1.2171180],
[51.7324850, -1.2171660],
[51.7324820, -1.2172160],
[51.7324600, -1.2172850],
[51.7324340, -1.2173420],
[51.7324060, -1.2173870],
[51.7323790, -1.2174220],
[51.7323630, -1.2174640],
[51.7323450, -1.2175280],
[51.7323320, -1.2175960],
[51.7323240, -1.2176710],
[51.7323220, -1.2177460],
[51.7323130, -1.2178280],
[51.7322960, -1.2179080],
[51.7322860, -1.2179510],
[51.7322760, -1.2179930],
[51.7322580, -1.2180770],
[51.7322470, -1.2181200],
[51.7322240, -1.2182270],
[51.7322090, -1.2182660],
[51.7321950, -1.2183070],
[51.7321820, -1.2183490],
[51.7321720, -1.2183920],
[51.7321560, -1.2184560],
[51.7321430, -1.2185180],
[51.7321330, -1.2185630],
[51.7321460, -1.2186150],
[51.7321460, -1.2187310],
[51.7321470, -1.2188360],
[51.7321490, -1.2188950],
[51.7321550, -1.2190030],
[51.7321530, -1.2190560],
[51.7321490, -1.2191030],
[51.7321450, -1.2191550],
[51.7321470, -1.2192600],
[51.7321530, -1.2193520],
[51.7321480, -1.2194250],
[51.7321520, -1.2194950],
[51.7321620, -1.2195990],
[51.7321580, -1.2196280],
[51.7321440, -1.2197510],
[51.7321410, -1.2197950],
[51.7321400, -1.2198980],
[51.7321410, -1.2199490],
[51.7321410, -1.2199940],
[51.7321410, -1.2200400],
[51.7321450, -1.2201270],
[51.7321550, -1.2201930],
[51.7321620, -1.2202280],
[51.7321800, -1.2203010],
[51.7321870, -1.2203860],
[51.7321880, -1.2204680],
[51.7321820, -1.2205570],
[51.7321770, -1.2206580],
[51.7321750, -1.2207070],
[51.7321710, -1.2207570],
[51.7321700, -1.2208110],
[51.7321680, -1.2208690],
[51.7321580, -1.2209300],
[51.7321510, -1.2209880],
[51.7321390, -1.2210340],
[51.7321240, -1.2211110],
[51.7321070, -1.2211770],
[51.7320950, -1.2212540],
[51.7320920, -1.2213010],
[51.7320920, -1.2213710],
[51.7320830, -1.2214580],
[51.7320750, -1.2215190],
[51.7320720, -1.2215550],
[51.7320730, -1.2216210],
[51.7320830, -1.2216900],
[51.7321010, -1.2217560],
[51.7321190, -1.2218280],
[51.7321310, -1.2219050],
[51.7321380, -1.2219840],
[51.7321410, -1.2220650],
[51.7321450, -1.2221490],
[51.7321450, -1.2222270],
[51.7321360, -1.2223070],
[51.7321280, -1.2223900],
[51.7321420, -1.2224690],
[51.7321620, -1.2225470],
[51.7321740, -1.2226270],
[51.7321640, -1.2226740],
[51.7321510, -1.2227250],
[51.7321380, -1.2227770],
[51.7321230, -1.2228300],
[51.7321150, -1.2229100],
[51.7321210, -1.2229830],
[51.7321290, -1.2230520],
[51.7321380, -1.2231230],
[51.7321490, -1.2231880],
[51.7321590, -1.2232570],
[51.7321660, -1.2233320],
[51.7321750, -1.2234190],
[51.7321780, -1.2234660],
[51.7321820, -1.2235140],
[51.7321870, -1.2235630],
[51.7321890, -1.2236060],
[51.7321970, -1.2236810],
[51.7322030, -1.2237540],
[51.7322060, -1.2238270],
[51.7322070, -1.2239080],
[51.7322040, -1.2239870],
[51.7321960, -1.2240620],
[51.7321800, -1.2241300],
[51.7321730, -1.2242010],
[51.7321870, -1.2242750],
[51.7322050, -1.2243540],
[51.7322130, -1.2244360],
[51.7322140, -1.2244840],
[51.7322160, -1.2245300],
[51.7322160, -1.2245750],
[51.7322180, -1.2246190],
[51.7322280, -1.2246960],
[51.7322300, -1.2247620],
[51.7322300, -1.2248330],
[51.7322250, -1.2249150],
[51.7322270, -1.2250010],
[51.7322310, -1.2250760],
[51.7322330, -1.2251480],
[51.7322230, -1.2252270],
[51.7322200, -1.2252980],
[51.7322290, -1.2253540],
[51.7322330, -1.2254200],
[51.7322250, -1.2254890],
[51.7322400, -1.2255620],
[51.7322530, -1.2256430],
[51.7322580, -1.2256860],
[51.7322610, -1.2257660],
[51.7322550, -1.2258500],
[51.7322510, -1.2258950],
[51.7322440, -1.2259820],
[51.7322440, -1.2260370],
[51.7322470, -1.2260850],
[51.7322490, -1.2261310],
[51.7322540, -1.2261780],
[51.7322730, -1.2262550],
[51.7322920, -1.2263270],
[51.7323060, -1.2264040],
[51.7323180, -1.2264780],
[51.7323360, -1.2265570],
[51.7323510, -1.2266350],
[51.7323570, -1.2267160],
[51.7323570, -1.2267940],
[51.7323580, -1.2268760],
[51.7323700, -1.2269520],
[51.7323860, -1.2270300],
[51.7323940, -1.2270970],
[51.7323950, -1.2271640],
[51.7323990, -1.2272400],
[51.7324030, -1.2273180],
[51.7324090, -1.2274040],
[51.7324090, -1.2274500],
[51.7324080, -1.2274960],
[51.7324060, -1.2275440],
[51.7324050, -1.2275940],
[51.7324030, -1.2276450],
[51.7324030, -1.2276930],
[51.7324010, -1.2277380],
[51.7324000, -1.2277820],
[51.7324030, -1.2278630],
[51.7324110, -1.2279480],
[51.7324110, -1.2280260],
[51.7324070, -1.2281080],
[51.7324110, -1.2281910],
[51.7324160, -1.2282610],
[51.7324220, -1.2283310],
[51.7324310, -1.2284080],
[51.7324390, -1.2284860],
[51.7324430, -1.2285470],
[51.7324510, -1.2286010],
[51.7324680, -1.2286530],
[51.7324910, -1.2287210],
[51.7325140, -1.2287810],
[51.7325160, -1.2288490],
[51.7324950, -1.2289190],
[51.7324760, -1.2289930],
[51.7324710, -1.2290380],
[51.7324700, -1.2290830],
[51.7324700, -1.2291310],
[51.7324840, -1.2291980],
[51.7325290, -1.2292450],
[51.7325580, -1.2292660],
[51.7325930, -1.2292860],
[51.7326260, -1.2293130],
[51.7326540, -1.2293430],
[51.7326770, -1.2293750],
[51.7326970, -1.2294080],
[51.7327160, -1.2294410],
[51.7327370, -1.2294730],
[51.7327580, -1.2295070],
[51.7327770, -1.2295380],
[51.7328050, -1.2296030],
[51.7328190, -1.2296740],
[51.7328260, -1.2297580],
[51.7328300, -1.2298020],
[51.7328330, -1.2298750],
[51.7328360, -1.2299510],
[51.7328310, -1.2300340],
[51.7328250, -1.2300800],
[51.7328190, -1.2301300],
[51.7328110, -1.2301770],
[51.7328050, -1.2302230],
[51.7328000, -1.2302700],
[51.7327940, -1.2303520],
[51.7327900, -1.2304360],
[51.7327930, -1.2305200],
[51.7327890, -1.2306030],
[51.7327750, -1.2306800],
[51.7327680, -1.2307580],
[51.7327630, -1.2308320],
[51.7327590, -1.2309110],
[51.7327540, -1.2309890],
[51.7327460, -1.2310710],
[51.7327430, -1.2311180],
[51.7327430, -1.2311620],
[51.7327430, -1.2312060],
[51.7327440, -1.2312500],
[51.7327460, -1.2313360],
[51.7327500, -1.2313800],
[51.7327550, -1.2314240],
[51.7327590, -1.2314700],
[51.7327650, -1.2315140],
[51.7327740, -1.2315550],
[51.7327800, -1.2316270],
[51.7327690, -1.2316980],
[51.7327510, -1.2317630],
[51.7327360, -1.2318160],
[51.7327090, -1.2318480],
[51.7326690, -1.2318700],
[51.7326270, -1.2319120],
[51.7326000, -1.2319600],
[51.7325900, -1.2320250],
[51.7325920, -1.2320890],
[51.7326030, -1.2321590],
[51.7326270, -1.2322420],
[51.7326310, -1.2322920],
[51.7326300, -1.2323430],
[51.7326230, -1.2323960],
[51.7326090, -1.2324510],
[51.7325940, -1.2325070],
[51.7325810, -1.2325750],
[51.7325700, -1.2326510],
[51.7325550, -1.2327040],
[51.7325320, -1.2327490],
[51.7325100, -1.2327830],
[51.7324870, -1.2328090],
[51.7324610, -1.2328360],
[51.7324260, -1.2328930],
[51.7324020, -1.2329500],
[51.7324020, -1.2330080],
[51.7323970, -1.2330650],
[51.7323850, -1.2331140],
[51.7323630, -1.2331860],
[51.7323300, -1.2332500],
[51.7323060, -1.2333160],
[51.7322880, -1.2333990],
[51.7322930, -1.2334450],
[51.7323030, -1.2334920],
[51.7323160, -1.2335410],
[51.7323330, -1.2335810],
[51.7323440, -1.2336250],
[51.7323470, -1.2336690],
[51.7323470, -1.2337130],
[51.7323430, -1.2337940],
[51.7323290, -1.2338650],
[51.7323050, -1.2339400],
[51.7322900, -1.2340100],
[51.7322760, -1.2340730],
[51.7322750, -1.2341370],
[51.7322760, -1.2342100],
[51.7322800, -1.2342880],
[51.7322800, -1.2343630],
[51.7322760, -1.2344460],
[51.7322760, -1.2345290],
[51.7322830, -1.2345750],
[51.7322950, -1.2346240],
[51.7323080, -1.2346730],
[51.7323130, -1.2347200],
[51.7322960, -1.2348030],
[51.7322810, -1.2348400],
[51.7322620, -1.2348780],
[51.7322410, -1.2349150],
[51.7322210, -1.2349500],
[51.7322050, -1.2349860],
[51.7321730, -1.2350500],
[51.7321410, -1.2351030],
[51.7321030, -1.2351450],
[51.7320690, -1.2351950],
[51.7320540, -1.2352540],
[51.7320610, -1.2353120],
[51.7320810, -1.2353830],
[51.7321040, -1.2354560],
[51.7321210, -1.2354930],
[51.7321430, -1.2355280],
[51.7321610, -1.2355670],
[51.7321890, -1.2356380],
[51.7322040, -1.2357110],
[51.7322130, -1.2357870],
[51.7322490, -1.2358210],
[51.7322870, -1.2358430],
[51.7323100, -1.2358680],
[51.7323370, -1.2359460],
[51.7323460, -1.2359910],
[51.7323540, -1.2360370],
[51.7323630, -1.2360840],
[51.7323720, -1.2361270],
[51.7323790, -1.2361740],
[51.7323840, -1.2362210],
[51.7323860, -1.2362650],
[51.7323860, -1.2363090],
[51.7323850, -1.2363550],
[51.7323850, -1.2364020],
[51.7323890, -1.2364520],
[51.7323890, -1.2364970],
[51.7323920, -1.2365440],
[51.7323920, -1.2365870],
[51.7323960, -1.2366340],
[51.7324030, -1.2366780],
[51.7324110, -1.2367220],
[51.7324190, -1.2367640],
[51.7324300, -1.2368080],
[51.7324410, -1.2368490],
[51.7324600, -1.2369290],
[51.7324860, -1.2370010],
[51.7325020, -1.2370390],
[51.7325200, -1.2370770],
[51.7325370, -1.2371140],
[51.7325520, -1.2371540],
[51.7325600, -1.2372000],
[51.7325690, -1.2372440],
[51.7325760, -1.2372900],
[51.7325810, -1.2373390],
[51.7325860, -1.2373900],
[51.7325850, -1.2374370],
[51.7325870, -1.2374870],
[51.7325890, -1.2375310],
[51.7325950, -1.2375820],
[51.7326050, -1.2376360],
[51.7326110, -1.2376910],
[51.7326190, -1.2377420],
[51.7326290, -1.2377940],
[51.7326420, -1.2378440],
[51.7326600, -1.2378910],
[51.7326920, -1.2379140],
[51.7327360, -1.2379260],
[51.7327750, -1.2379420],
[51.7328160, -1.2379460],
[51.7328570, -1.2379310],
[51.7328960, -1.2379130],
[51.7329340, -1.2378850],
[51.7329680, -1.2378580],
[51.7329990, -1.2378440],
[51.7330280, -1.2378320],
[51.7330750, -1.2378110],
[51.7331070, -1.2377750],
[51.7331280, -1.2377390],
[51.7331560, -1.2377180],
[51.7331870, -1.2377210],
[51.7332240, -1.2377320],
[51.7332660, -1.2377400],
[51.7333120, -1.2377490],
[51.7333510, -1.2377500],
[51.7333890, -1.2377600],
[51.7334180, -1.2377900],
[51.7334440, -1.2378070],
[51.7334830, -1.2377930],
[51.7335260, -1.2377890],
[51.7335730, -1.2377910],
[51.7336270, -1.2378050],
[51.7336570, -1.2378140],
[51.7336900, -1.2378310],
[51.7337200, -1.2378440],
[51.7337500, -1.2378550],
[51.7337780, -1.2378640],
[51.7338270, -1.2378720],
[51.7338740, -1.2378930],
[51.7338990, -1.2379080],
[51.7339490, -1.2379410],
[51.7339850, -1.2379770],
[51.7340210, -1.2380160],
[51.7340570, -1.2380510],
[51.7340910, -1.2380760],
[51.7341190, -1.2380940],
[51.7341420, -1.2381160],
[51.7341740, -1.2381210],
[51.7342200, -1.2381180],
[51.7342730, -1.2381330],
[51.7343000, -1.2381430],
[51.7343350, -1.2381710],
[51.7343810, -1.2382000],
[51.7344120, -1.2382280],
[51.7344430, -1.2382540],
[51.7344700, -1.2382820],
[51.7344910, -1.2383090],
[51.7345130, -1.2383400],
[51.7345500, -1.2383950],
[51.7345900, -1.2384420],
[51.7346280, -1.2384860],
[51.7346660, -1.2385210],
[51.7347100, -1.2385650],
[51.7347360, -1.2385950],
[51.7347620, -1.2386220],
[51.7348000, -1.2386740],
[51.7348340, -1.2387050],
[51.7348660, -1.2387200],
[51.7349050, -1.2387160],
[51.7349310, -1.2386940],
[51.7349600, -1.2386820],
[51.7349930, -1.2386750],
[51.7350290, -1.2386740],
[51.7350670, -1.2386920],
[51.7351020, -1.2387130],
[51.7351290, -1.2387420],
[51.7351540, -1.2387700],
[51.7351920, -1.2388250],
[51.7352250, -1.2388770],
[51.7352690, -1.2389320],
[51.7352950, -1.2389640],
[51.7353230, -1.2389960],
[51.7353460, -1.2390300],
[51.7353830, -1.2390400],
[51.7354280, -1.2390760],
[51.7354690, -1.2391170],
[51.7355060, -1.2391690],
[51.7355270, -1.2391970],
[51.7355590, -1.2392560],
[51.7355780, -1.2392870],
[51.7356010, -1.2393170],
[51.7356120, -1.2393660],
[51.7356220, -1.2394490],
[51.7356280, -1.2394920],
[51.7356460, -1.2395670],
[51.7356790, -1.2396290],
[51.7357110, -1.2396890],
[51.7357510, -1.2397360],
[51.7357760, -1.2397590],
[51.7358020, -1.2397800],
[51.7358300, -1.2397980],
[51.7358740, -1.2398300],
[51.7359020, -1.2398710],
[51.7359380, -1.2399130],
[51.7359900, -1.2399370],
[51.7360180, -1.2399540],
[51.7360470, -1.2399730],
[51.7360800, -1.2399880],
[51.7361060, -1.2400040],
[51.7361330, -1.2400480],
[51.7361520, -1.2401090],
[51.7361610, -1.2401880],
[51.7361540, -1.2402680],
[51.7361390, -1.2403350],
[51.7361200, -1.2404020],
[51.7360940, -1.2404820],
[51.7360750, -1.2405210],
[51.7360540, -1.2405570],
[51.7360190, -1.2406180],
[51.7359900, -1.2406710],
[51.7359670, -1.2407210],
[51.7359460, -1.2407770],
[51.7359370, -1.2408460],
[51.7359240, -1.2409160],
[51.7359140, -1.2409880],
[51.7359020, -1.2410700],
[51.7358900, -1.2411480],
[51.7358720, -1.2412220],
[51.7358470, -1.2412870],
[51.7358220, -1.2413380],
[51.7357990, -1.2413830],
[51.7357680, -1.2414380],
[51.7357560, -1.2414770],
[51.7357440, -1.2415200],
[51.7357290, -1.2415590],
[51.7357100, -1.2416290],
[51.7356880, -1.2416980],
[51.7356620, -1.2417700],
[51.7356500, -1.2418090],
[51.7356390, -1.2418490],
[51.7356240, -1.2418880],
[51.7356130, -1.2419300],
[51.7356020, -1.2419730],
[51.7355940, -1.2420170],
[51.7355870, -1.2420600],
[51.7355830, -1.2421410],
[51.7355910, -1.2422220],
[51.7355880, -1.2422960],
[51.7355640, -1.2423600],
[51.7355360, -1.2424280],
[51.7355120, -1.2424930],
[51.7354930, -1.2425420],
[51.7354780, -1.2425950],
[51.7354430, -1.2426440],
[51.7354100, -1.2426990],
[51.7353980, -1.2427430],
[51.7353940, -1.2427930],
[51.7353920, -1.2428400],
[51.7353950, -1.2428930],
[51.7353950, -1.2429410],
[51.7353920, -1.2429880],
[51.7353840, -1.2430330],
[51.7353740, -1.2430790],
[51.7353630, -1.2431220],
[51.7353520, -1.2431630],
[51.7353230, -1.2432300],
[51.7352990, -1.2432960],
[51.7352800, -1.2433670],
[51.7352680, -1.2434490],
[51.7352610, -1.2435330],
[51.7352560, -1.2436050],
[51.7352560, -1.2436710],
[51.7352460, -1.2437500],
[51.7352310, -1.2438310],
[51.7352170, -1.2439060],
[51.7352090, -1.2439910],
[51.7352050, -1.2440340],
[51.7351960, -1.2441130],
[51.7351850, -1.2441920],
[51.7351790, -1.2442710],
[51.7351720, -1.2443510],
[51.7351640, -1.2443960],
[51.7351590, -1.2444450],
[51.7351480, -1.2445270],
[51.7351460, -1.2445770],
[51.7351450, -1.2446210],
[51.7351360, -1.2446650],
[51.7351240, -1.2447050],
[51.7351080, -1.2447460],
[51.7350910, -1.2447830],
[51.7350710, -1.2448180],
[51.7350490, -1.2448500],
[51.7350290, -1.2448800],
[51.7349930, -1.2449340],
[51.7349630, -1.2449670],
[51.7349270, -1.2450100],
[51.7348930, -1.2450680],
[51.7348760, -1.2451330],
[51.7348610, -1.2451950],
[51.7348490, -1.2452530],
[51.7348260, -1.2453280],
[51.7347970, -1.2453960],
[51.7347780, -1.2454720],
[51.7347770, -1.2455150],
[51.7347770, -1.2455600],
[51.7347740, -1.2456040],
[51.7347700, -1.2456860],
[51.7347710, -1.2457580],
[51.7347750, -1.2458380],
[51.7347670, -1.2459080],
[51.7347640, -1.2459740],
[51.7347690, -1.2460430],
[51.7347820, -1.2461230],
[51.7347810, -1.2461960],
[51.7347580, -1.2462620],
[51.7347450, -1.2463090],
[51.7347290, -1.2463600],
[51.7347130, -1.2464100],
[51.7346970, -1.2464570],
[51.7346830, -1.2465060],
[51.7346690, -1.2465540],
[51.7346550, -1.2466040],
[51.7346430, -1.2466580],
[51.7346340, -1.2467050],
[51.7346170, -1.2467520],
[51.7345960, -1.2468230],
[51.7345810, -1.2468880],
[51.7345850, -1.2469470],
[51.7345980, -1.2470090],
[51.7346120, -1.2470680],
[51.7346190, -1.2471290],
[51.7346180, -1.2471990],
[51.7345930, -1.2472730],
[51.7345790, -1.2473130],
[51.7345640, -1.2473510],
[51.7345410, -1.2474230],
[51.7345270, -1.2474610],
[51.7344950, -1.2475240],
[51.7344650, -1.2475740],
[51.7344610, -1.2476340],
[51.7344750, -1.2477040],
[51.7344780, -1.2477820],
[51.7344680, -1.2478590],
[51.7344730, -1.2479340],
[51.7344920, -1.2480070],
[51.7345170, -1.2480750],
[51.7345310, -1.2481120],
[51.7345450, -1.2481520],
[51.7345570, -1.2481910],
[51.7345710, -1.2482740],
[51.7345720, -1.2483220],
[51.7345730, -1.2483690],
[51.7345710, -1.2484130],
[51.7345670, -1.2484970],
[51.7345580, -1.2485690],
[51.7345410, -1.2486410],
[51.7345180, -1.2486990],
[51.7344880, -1.2487530],
[51.7344660, -1.2488100],
[51.7344440, -1.2488850],
[51.7344300, -1.2489230],
[51.7344130, -1.2489640],
[51.7343960, -1.2489990],
[51.7343800, -1.2490360],
[51.7343570, -1.2491090],
[51.7343270, -1.2491780],
[51.7342990, -1.2492450],
[51.7342720, -1.2493120],
[51.7342560, -1.2493900],
[51.7342440, -1.2494730],
[51.7342350, -1.2495510],
[51.7342380, -1.2496300],
[51.7342470, -1.2497040],
[51.7342500, -1.2497680],
[51.7342480, -1.2498320],
[51.7342440, -1.2499070],
[51.7342490, -1.2499790],
[51.7342670, -1.2500400],
[51.7342990, -1.2500870],
[51.7343400, -1.2501230],
[51.7343900, -1.2501510],
[51.7344410, -1.2501690],
[51.7344910, -1.2501880],
[51.7345190, -1.2501960],
[51.7345710, -1.2502020],
[51.7345980, -1.2502030],
[51.7346460, -1.2502140],
[51.7346880, -1.2502330],
[51.7347290, -1.2502560],
[51.7347540, -1.2502770],
[51.7347850, -1.2502970],
[51.7348190, -1.2503100],
[51.7348540, -1.2503200],
[51.7348880, -1.2503270],
[51.7349210, -1.2503310],
[51.7349520, -1.2503410],
[51.7349780, -1.2503670],
[51.7350170, -1.2504100],
[51.7350450, -1.2504460],
[51.7350760, -1.2504870],
[51.7351120, -1.2505240],
[51.7351430, -1.2505630],
[51.7351690, -1.2505950],
[51.7352090, -1.2506150],
[51.7352430, -1.2506370],
[51.7352870, -1.2506620],
[51.7353300, -1.2506900],
[51.7353710, -1.2507150],
[51.7354110, -1.2507480],
[51.7354490, -1.2507830],
[51.7354940, -1.2508110],
[51.7355390, -1.2508300],
[51.7355790, -1.2508370],
[51.7356140, -1.2508480],
[51.7356460, -1.2508620],
[51.7356730, -1.2508690],
[51.7357000, -1.2508740],
[51.7357270, -1.2508830],
[51.7357770, -1.2509040],
[51.7358220, -1.2509250],
[51.7358630, -1.2509520],
[51.7359070, -1.2509800],
[51.7359520, -1.2510060],
[51.7359960, -1.2510320],
[51.7360420, -1.2510610],
[51.7360720, -1.2510760],
[51.7361090, -1.2510970],
[51.7361430, -1.2511180],
[51.7361840, -1.2511440],
[51.7362280, -1.2511680],
[51.7362740, -1.2511900],
[51.7363230, -1.2512120],
[51.7363540, -1.2512190],
[51.7363860, -1.2512200],
[51.7364110, -1.2512380],
[51.7364400, -1.2512690],
[51.7364770, -1.2513090],
[51.7365030, -1.2513340],
[51.7365320, -1.2513570],
[51.7365610, -1.2513770],
[51.7365920, -1.2513960],
[51.7366210, -1.2514110],
[51.7366490, -1.2514270],
[51.7366930, -1.2514510],
[51.7367350, -1.2514650],
[51.7367710, -1.2514710],
[51.7368030, -1.2514760],
[51.7368380, -1.2514850],
[51.7368840, -1.2514970],
[51.7369320, -1.2515160],
[51.7369600, -1.2515270],
[51.7369890, -1.2515370],
[51.7370360, -1.2515710],
[51.7370790, -1.2516040],
[51.7371290, -1.2516270],
[51.7371780, -1.2516470],
[51.7372220, -1.2516730],
[51.7372590, -1.2517110],
[51.7372960, -1.2517460],
[51.7373410, -1.2517930],
[51.7373650, -1.2518190],
[51.7373950, -1.2518640],
[51.7374250, -1.2519000],
[51.7374530, -1.2519300],
[51.7374810, -1.2519510],
[51.7375100, -1.2519590],
[51.7375400, -1.2519640],
[51.7375680, -1.2519700],
[51.7376110, -1.2519860],
[51.7376480, -1.2520010],
[51.7376810, -1.2520270],
[51.7377190, -1.2520640],
[51.7377470, -1.2520900],
[51.7377720, -1.2521080],
[51.7378210, -1.2521220],
[51.7378480, -1.2521290],
[51.7378960, -1.2521530],
[51.7379430, -1.2521810],
[51.7379950, -1.2521980],
[51.7380220, -1.2522020],
[51.7380490, -1.2522110],
[51.7380760, -1.2522250],
[51.7381210, -1.2522570],
[51.7381640, -1.2523010],
[51.7381870, -1.2523260],
[51.7382120, -1.2523460],
[51.7382380, -1.2523670],
[51.7382640, -1.2523820],
[51.7383130, -1.2524150],
[51.7383400, -1.2524310],
[51.7383670, -1.2524420],
[51.7384140, -1.2524500],
[51.7384510, -1.2524610],
[51.7384870, -1.2524980],
[51.7385180, -1.2525260],
[51.7385550, -1.2525500],
[51.7386020, -1.2525600],
[51.7386300, -1.2525630],
[51.7386590, -1.2525630],
[51.7386930, -1.2525920],
[51.7387320, -1.2526180],
[51.7387760, -1.2526360],
[51.7388150, -1.2526620],
[51.7388450, -1.2526930],
[51.7388830, -1.2527110],
[51.7389270, -1.2527330],
[51.7389690, -1.2527650],
[51.7390030, -1.2528030],
[51.7390410, -1.2528470],
[51.7390750, -1.2528780],
[51.7391070, -1.2529150],
[51.7391430, -1.2529520],
[51.7391670, -1.2529740],
[51.7392100, -1.2530030],
[51.7392550, -1.2530330],
[51.7392940, -1.2530540],
[51.7393370, -1.2530770],
[51.7393740, -1.2531040],
[51.7394120, -1.2531290],
[51.7394560, -1.2531540],
[51.7394940, -1.2531810],
[51.7395310, -1.2532100],
[51.7395610, -1.2532340],
[51.7395880, -1.2532560],
[51.7396340, -1.2532890],
[51.7396820, -1.2533160],
[51.7397240, -1.2533480],
[51.7397520, -1.2533810],
[51.7397800, -1.2534030],
[51.7398100, -1.2534120],
[51.7398470, -1.2534340],
[51.7398850, -1.2534700],
[51.7399240, -1.2535100],
[51.7399640, -1.2535540],
[51.7399980, -1.2535960],
[51.7400280, -1.2536170],
[51.7400550, -1.2536360],
[51.7400810, -1.2536740],
[51.7401150, -1.2537290],
[51.7401360, -1.2537570],
[51.7401790, -1.2538120],
[51.7402050, -1.2538300],
[51.7402570, -1.2538570],
[51.7403050, -1.2538790],
[51.7403520, -1.2539050],
[51.7403940, -1.2539280],
[51.7404280, -1.2539520],
[51.7404540, -1.2539770],
[51.7404960, -1.2540020],
[51.7405500, -1.2540350],
[51.7405780, -1.2540500],
[51.7406210, -1.2540760],
[51.7406680, -1.2541010],
[51.7407130, -1.2541290],
[51.7407610, -1.2541610],
[51.7408050, -1.2541920],
[51.7408480, -1.2542340],
[51.7408910, -1.2542790],
[51.7409150, -1.2543010],
[51.7409390, -1.2543240],
[51.7409830, -1.2543690],
[51.7410060, -1.2543970],
[51.7410290, -1.2544270],
[51.7410560, -1.2544920],
[51.7410990, -1.2545340],
[51.7411300, -1.2545440],
[51.7411670, -1.2545490],
[51.7412070, -1.2545550],
[51.7412430, -1.2545620],
[51.7412750, -1.2545750],
[51.7413070, -1.2545880],
[51.7413340, -1.2545960],
[51.7413790, -1.2545890],
[51.7414200, -1.2545850],
[51.7414630, -1.2546090],
[51.7415100, -1.2546430],
[51.7415350, -1.2546910],
[51.7415670, -1.2547290],
[51.7416070, -1.2547530],
[51.7416560, -1.2547790],
[51.7416970, -1.2548040],
[51.7417310, -1.2548320],
[51.7417660, -1.2548670],
[51.7418080, -1.2549060],
[51.7418540, -1.2549380],
[51.7418790, -1.2549530],
[51.7419270, -1.2549810],
[51.7419780, -1.2550030],
[51.7420290, -1.2550290],
[51.7420590, -1.2550470],
[51.7420910, -1.2550690],
[51.7421200, -1.2550850],
[51.7421480, -1.2550940],
[51.7421770, -1.2551010],
[51.7422250, -1.2551210],
[51.7422710, -1.2551480],
[51.7423240, -1.2551680],
[51.7423510, -1.2551920],
[51.7423830, -1.2552100],
[51.7424140, -1.2552320],
[51.7424400, -1.2552570],
[51.7424620, -1.2552850],
[51.7424840, -1.2553160],
[51.7425100, -1.2553400],
[51.7425420, -1.2553540],
[51.7425690, -1.2553690],
[51.7426160, -1.2554070],
[51.7426590, -1.2554360],
[51.7427080, -1.2554570],
[51.7427540, -1.2554710],
[51.7428020, -1.2554870],
[51.7428460, -1.2554990],
[51.7428950, -1.2555140],
[51.7429410, -1.2555300],
[51.7429890, -1.2555530],
[51.7430150, -1.2555660],
[51.7430680, -1.2555830],
[51.7430970, -1.2555940],
[51.7431260, -1.2556090],
[51.7431540, -1.2556240],
[51.7431840, -1.2556430],
[51.7432170, -1.2556680],
[51.7432540, -1.2556870],
[51.7432850, -1.2557020],
[51.7433150, -1.2557210],
[51.7433410, -1.2557350],
[51.7433900, -1.2557560],
[51.7434280, -1.2557590],
[51.7434650, -1.2557440],
[51.7435030, -1.2557420],
[51.7435390, -1.2557210],
[51.7435760, -1.2557120],
[51.7436150, -1.2557120],
[51.7436640, -1.2557150],
[51.7437160, -1.2557280],
[51.7437430, -1.2557380],
[51.7437720, -1.2557500],
[51.7437980, -1.2557620],
[51.7438280, -1.2557740],
[51.7438580, -1.2557850],
[51.7438890, -1.2557930],
[51.7439220, -1.2557990],
[51.7439550, -1.2558020],
[51.7439840, -1.2558040],
[51.7440150, -1.2558070],
[51.7440460, -1.2558120],
[51.7440740, -1.2558160],
[51.7441230, -1.2558230],
[51.7441700, -1.2558330],
[51.7442150, -1.2558510],
[51.7442490, -1.2558730],
[51.7442880, -1.2558790],
[51.7443270, -1.2558880],
[51.7443700, -1.2559000],
[51.7444190, -1.2559190],
[51.7444480, -1.2559320],
[51.7444760, -1.2559410],
[51.7445060, -1.2559470],
[51.7445580, -1.2559520],
[51.7446110, -1.2559530],
[51.7446400, -1.2559540],
[51.7446680, -1.2559540],
[51.7446970, -1.2559560],
[51.7447270, -1.2559590],
[51.7447570, -1.2559630],
[51.7447860, -1.2559660],
[51.7448160, -1.2559730],
[51.7448650, -1.2559840],
[51.7449070, -1.2559930],
[51.7449500, -1.2560010],
[51.7449890, -1.2560200],
[51.7450370, -1.2560450],
[51.7450850, -1.2560680],
[51.7451110, -1.2560870],
[51.7451650, -1.2561110],
[51.7451960, -1.2561230],
[51.7452270, -1.2561350],
[51.7452590, -1.2561390],
[51.7452900, -1.2561260],
[51.7453440, -1.2560830],
[51.7453680, -1.2560620],
[51.7454140, -1.2560430],
[51.7454500, -1.2560460],
[51.7454790, -1.2560590],
[51.7454990, -1.2561100],
[51.7455310, -1.2560900],
[51.7455810, -1.2560790],
[51.7456100, -1.2560670],
[51.7456550, -1.2560600],
[51.7456990, -1.2560690],
[51.7457490, -1.2560830],
[51.7458020, -1.2561060],
[51.7458510, -1.2561010],
[51.7459020, -1.2561010],
[51.7459330, -1.2561080],
[51.7459720, -1.2561200],
[51.7460110, -1.2561340],
[51.7460520, -1.2561490],
[51.7460990, -1.2561320],
[51.7461460, -1.2561020],
[51.7461930, -1.2560830],
[51.7462350, -1.2560690],
[51.7462700, -1.2560620],
[51.7463030, -1.2560590],
[51.7463310, -1.2560580],
[51.7463600, -1.2560610],
[51.7464100, -1.2560620],
[51.7464550, -1.2560820],
[51.7464950, -1.2560980],
[51.7465420, -1.2561210],
[51.7465860, -1.2561390],
[51.7466280, -1.2561600],
[51.7466690, -1.2561750],
[51.7467150, -1.2561850],
[51.7467520, -1.2562020],
[51.7467840, -1.2562150],
[51.7468170, -1.2562260],
[51.7468440, -1.2562180],
[51.7468840, -1.2562130],
[51.7469110, -1.2562130],
[51.7469410, -1.2562140],
[51.7469740, -1.2562120],
[51.7470090, -1.2562050],
[51.7470410, -1.2561970],
[51.7470680, -1.2561930],
[51.7471140, -1.2561960],
[51.7471540, -1.2562110],
[51.7471910, -1.2562280],
[51.7472360, -1.2562360],
[51.7472890, -1.2562380],
[51.7473190, -1.2562440],
[51.7473470, -1.2562540],
[51.7473960, -1.2562770],
[51.7474360, -1.2563000],
[51.7474780, -1.2562720],
[51.7475000, -1.2562470],
[51.7475440, -1.2561940],
[51.7475840, -1.2561800],
[51.7476340, -1.2562070],
[51.7476730, -1.2562440],
[51.7476990, -1.2562550],
[51.7477300, -1.2562190],
[51.7477620, -1.2562000],
[51.7477870, -1.2561810],
[51.7478190, -1.2561760],
[51.7478490, -1.2561740],
[51.7478780, -1.2561730],
[51.7479080, -1.2561740],
[51.7479380, -1.2561740],
[51.7479680, -1.2561810],
[51.7479960, -1.2561840],
[51.7480260, -1.2561930],
[51.7480590, -1.2561990],
[51.7480910, -1.2562090],
[51.7481290, -1.2562210],
[51.7481630, -1.2562410],
[51.7481910, -1.2562630],
[51.7482200, -1.2562870],
[51.7482450, -1.2563110],
[51.7482980, -1.2563160],
[51.7483270, -1.2563060],
[51.7483570, -1.2562970],
[51.7484050, -1.2562920],
[51.7484510, -1.2563030],
[51.7484830, -1.2563150],
[51.7485280, -1.2563120],
[51.7485640, -1.2563230],
[51.7486000, -1.2563500],
[51.7486290, -1.2563900],
[51.7486570, -1.2564220],
[51.7486890, -1.2564510],
[51.7487450, -1.2564660],
[51.7487750, -1.2564770],
[51.7488060, -1.2564840],
[51.7488330, -1.2564900],
[51.7488660, -1.2564890],
[51.7489000, -1.2565020],
[51.7489290, -1.2565200],
[51.7489680, -1.2565340],
[51.7490130, -1.2565520],
[51.7490420, -1.2565690],
[51.7490860, -1.2566030],
[51.7491350, -1.2566180],
[51.7491800, -1.2566330],
[51.7492240, -1.2566570],
[51.7492670, -1.2566660],
[51.7492990, -1.2566780],
[51.7493360, -1.2566930],
[51.7493650, -1.2567060],
[51.7493930, -1.2567180],
[51.7494430, -1.2567140],
[51.7494700, -1.2567120],
[51.7495170, -1.2567150],
[51.7495540, -1.2567150],
[51.7496000, -1.2567140],
[51.7496450, -1.2567080],
[51.7496730, -1.2567110],
[51.7497180, -1.2567230],
[51.7497550, -1.2567330],
[51.7497910, -1.2567460],
[51.7498080, -1.2567060],
[51.7498290, -1.2566540],
[51.7498590, -1.2566380],
[51.7498880, -1.2566470],
[51.7498930, -1.2566940],
[51.7499210, -1.2567290],
[51.7499670, -1.2567800],
[51.7500020, -1.2568180],
[51.7500480, -1.2568690],
[51.7500910, -1.2569180],
[51.7501340, -1.2569320],
[51.7501840, -1.2569250],
[51.7504190, -1.2568410],
[51.7504450, -1.2568260],
[51.7504920, -1.2568250],
[51.7505340, -1.2568120],
[51.7505670, -1.2567830],
[51.7505950, -1.2567740],
[51.7506290, -1.2567850],
[51.7506690, -1.2568150],
[51.7507000, -1.2568560],
[51.7507340, -1.2568730],
[51.7508300, -1.2568870],
[51.7508680, -1.2568930],
[51.7509040, -1.2569040],
[51.7509420, -1.2569130],
[51.7509760, -1.2569240],
[51.7510070, -1.2569400],
[51.7510510, -1.2569670],
[51.7510900, -1.2569980],
[51.7511300, -1.2570470],
[51.7511680, -1.2570880],
[51.7511960, -1.2571200],
[51.7512210, -1.2571510],
[51.7512460, -1.2571260],
[51.7512870, -1.2570920],
[51.7513270, -1.2570920],
[51.7513610, -1.2571090],
[51.7514030, -1.2571400],
[51.7514260, -1.2571640],
[51.7514500, -1.2571870],
[51.7514890, -1.2572370],
[51.7515070, -1.2572760],
[51.7515350, -1.2572900],
[51.7515790, -1.2572630],
[51.7516240, -1.2572410],
[51.7516770, -1.2572450],
[51.7517270, -1.2572420],
[51.7517580, -1.2572550],
[51.7517500, -1.2573010],
[51.7517510, -1.2573830],
[51.7517800, -1.2573370],
[51.7518120, -1.2572820],
[51.7518380, -1.2572360],
[51.7518660, -1.2571940],
[51.7518890, -1.2571520],
[51.7519140, -1.2571150],
[51.7519390, -1.2570880],
[51.7519650, -1.2570670],
[51.7520020, -1.2570250],
[51.7520420, -1.2569840],
[51.7520770, -1.2569430],
[51.7521030, -1.2568780],
[51.7521150, -1.2568390],
[51.7521260, -1.2567660],
[51.7521180, -1.2567230],
[51.7520960, -1.2566380],
[51.7520740, -1.2565950],
[51.7520560, -1.2565590],
[51.7520310, -1.2564880],
[51.7520430, -1.2564140],
[51.7520720, -1.2563420],
[51.7520880, -1.2563070],
[51.7521100, -1.2562350],
[51.7521370, -1.2561740],
[51.7521760, -1.2561160],
[51.7521990, -1.2560490],
[51.7522230, -1.2559760],
[51.7522540, -1.2559000],
[51.7522690, -1.2558600],
[51.7522810, -1.2558200],
[51.7522880, -1.2557780],
[51.7522900, -1.2557030],
[51.7522680, -1.2556310],
[51.7522400, -1.2555620],
[51.7522400, -1.2554840],
[51.7522480, -1.2554420],
[51.7522640, -1.2553970],
[51.7522790, -1.2553480],
[51.7522990, -1.2553000],
[51.7523160, -1.2552550],
[51.7523370, -1.2552100],
[51.7523650, -1.2551710],
[51.7524060, -1.2551320],
[51.7524440, -1.2550920],
[51.7524790, -1.2550520],
[51.7525090, -1.2550070],
[51.7525360, -1.2549650],
[51.7525650, -1.2549370],
[51.7525860, -1.2549090],
[51.7526090, -1.2548830],
[51.7525860, -1.2548190],
[51.7525560, -1.2547450],
[51.7525410, -1.2546740],
[51.7525390, -1.2545910],
[51.7525380, -1.2545460],
[51.7525360, -1.2545000],
[51.7525390, -1.2544510],
[51.7525430, -1.2543980],
[51.7525560, -1.2543490],
[51.7525670, -1.2543050],
[51.7525840, -1.2542630],
[51.7526010, -1.2542210],
[51.7526170, -1.2541810],
[51.7526300, -1.2541410],
[51.7526440, -1.2540610],
[51.7526290, -1.2539790],
[51.7526140, -1.2539400],
[51.7525990, -1.2538970],
[51.7525820, -1.2538520],
[51.7525700, -1.2538110],
[51.7525570, -1.2537690],
[51.7525440, -1.2537290],
[51.7525360, -1.2536510],
[51.7525400, -1.2536070],
[51.7525620, -1.2535650],
[51.7525790, -1.2535190],
[51.7525980, -1.2534690],
[51.7526190, -1.2534230],
[51.7526350, -1.2533590],
[51.7526540, -1.2532910],
[51.7526570, -1.2532230],
[51.7526520, -1.2531490],
[51.7526650, -1.2530740],
[51.7526920, -1.2529910],
[51.7527070, -1.2529480],
[51.7527190, -1.2529060],
[51.7527280, -1.2528620],
[51.7527340, -1.2528160],
[51.7527330, -1.2527660],
[51.7527260, -1.2527140],
[51.7527140, -1.2526610],
[51.7526960, -1.2526100],
[51.7526840, -1.2525680],
[51.7526750, -1.2525260],
[51.7526630, -1.2524830],
[51.7526480, -1.2524350],
[51.7526340, -1.2523880],
[51.7526190, -1.2523440],
[51.7526030, -1.2523010],
[51.7525990, -1.2522250],
[51.7526020, -1.2521570],
[51.7525860, -1.2520760],
[51.7525630, -1.2520290],
[51.7525470, -1.2519850],
[51.7525320, -1.2519460],
[51.7525190, -1.2519060],
[51.7524950, -1.2518330],
[51.7524790, -1.2517970],
[51.7524640, -1.2517590],
[51.7524500, -1.2516820],
[51.7524480, -1.2516070],
[51.7524600, -1.2515400],
[51.7524880, -1.2514680],
[51.7525080, -1.2513880],
[51.7525140, -1.2513460],
[51.7525170, -1.2513010],
[51.7525280, -1.2512580],
[51.7525370, -1.2512110],
[51.7525470, -1.2511660],
[51.7525510, -1.2511210],
[51.7525520, -1.2510450],
[51.7525380, -1.2509690],
[51.7525260, -1.2508990],
[51.7525120, -1.2508240],
[51.7524940, -1.2507440],
[51.7524840, -1.2507020],
[51.7524740, -1.2506570],
[51.7524680, -1.2506130],
[51.7524580, -1.2505670],
[51.7524500, -1.2505180],
[51.7524460, -1.2504720],
[51.7524310, -1.2504000],
[51.7524260, -1.2503280],
[51.7524150, -1.2502560],
[51.7524330, -1.2501790],
[51.7524620, -1.2501160],
[51.7524740, -1.2500640],
[51.7524660, -1.2500000],
[51.7524560, -1.2499330],
[51.7524420, -1.2498780],
[51.7524170, -1.2498150],
[51.7523930, -1.2497470],
[51.7523740, -1.2496710],
[51.7523600, -1.2496290],
[51.7523450, -1.2495900],
[51.7523320, -1.2495440],
[51.7523180, -1.2495020],
[51.7523000, -1.2494600],
[51.7522600, -1.2494170],
[51.7522160, -1.2493740],
[51.7521850, -1.2493350],
[51.7521700, -1.2492830],
[51.7521590, -1.2492280],
[51.7521520, -1.2491740],
[51.7521480, -1.2491230],
[51.7521490, -1.2490730],
[51.7521570, -1.2490280],
[51.7521700, -1.2489810],
[51.7521850, -1.2489370],
[51.7522020, -1.2488970],
[51.7522100, -1.2488530],
[51.7522220, -1.2488140],
[51.7522420, -1.2487420],
[51.7522500, -1.2486760],
[51.7522440, -1.2486080],
[51.7522280, -1.2485330],
[51.7522010, -1.2484600],
[51.7521710, -1.2483920],
[51.7521520, -1.2483330],
[51.7521590, -1.2482630],
[51.7521610, -1.2481880],
[51.7521580, -1.2481430],
[51.7521510, -1.2480940],
[51.7521440, -1.2480410],
[51.7521250, -1.2479940],
[51.7521100, -1.2479500],
[51.7520950, -1.2479090],
[51.7520710, -1.2478320],
[51.7520410, -1.2477670],
[51.7520130, -1.2477100],
[51.7519880, -1.2476600],
[51.7519640, -1.2476160],
[51.7519390, -1.2475740],
[51.7519130, -1.2475280],
[51.7518840, -1.2474680],
[51.7518490, -1.2474070],
[51.7518240, -1.2473750],
[51.7517970, -1.2473510],
[51.7517550, -1.2473340],
[51.7517230, -1.2473060],
[51.7516900, -1.2472770],
[51.7516630, -1.2472430],
[51.7516400, -1.2472090],
[51.7516190, -1.2471750],
[51.7515990, -1.2471410],
[51.7515690, -1.2470800],
[51.7515480, -1.2470290],
[51.7515270, -1.2469650],
[51.7515120, -1.2469290],
[51.7514830, -1.2468660],
[51.7514500, -1.2468200],
[51.7514200, -1.2467820],
[51.7513840, -1.2467390],
[51.7513560, -1.2466850],
[51.7513310, -1.2466250],
[51.7513130, -1.2465630],
[51.7512930, -1.2465080],
[51.7512710, -1.2464540],
[51.7512450, -1.2463960],
[51.7512220, -1.2463380],
[51.7511930, -1.2462880],
[51.7511590, -1.2462380],
[51.7511180, -1.2461850],
[51.7510960, -1.2461600],
[51.7510550, -1.2461130],
[51.7510230, -1.2460560],
[51.7509960, -1.2459920],
[51.7509750, -1.2459290],
[51.7509460, -1.2458830],
[51.7509210, -1.2458330],
[51.7509040, -1.2457830],
[51.7508850, -1.2457330],
[51.7508570, -1.2456800],
[51.7508200, -1.2456290],
[51.7507790, -1.2455760],
[51.7507570, -1.2455450],
[51.7507370, -1.2455130],
[51.7507140, -1.2454800],
[51.7506920, -1.2454510],
[51.7506700, -1.2454220],
[51.7506330, -1.2453650],
[51.7506010, -1.2453000],
[51.7505700, -1.2452340],
[51.7505420, -1.2451720],
[51.7505150, -1.2451080],
[51.7504850, -1.2450490],
[51.7504490, -1.2449940],
[51.7504120, -1.2449400],
[51.7503800, -1.2448910],
[51.7503580, -1.2448330],
[51.7503370, -1.2447640],
[51.7503080, -1.2446920],
[51.7502890, -1.2446530],
[51.7502720, -1.2446160],
[51.7502460, -1.2445640],
[51.7502200, -1.2445310],
[51.7501720, -1.2445060],
[51.7501360, -1.2444920],
[51.7500960, -1.2444790],
[51.7500520, -1.2444700],
[51.7500060, -1.2444590],
[51.7499670, -1.2444430],
[51.7499340, -1.2444270],
[51.7499050, -1.2444090],
[51.7498810, -1.2443850],
[51.7498480, -1.2443410],
[51.7498220, -1.2443010],
[51.7497950, -1.2442600],
[51.7497870, -1.2442000],
[51.7497860, -1.2441150],
[51.7497880, -1.2440680],
[51.7497880, -1.2440180],
[51.7497870, -1.2439700],
[51.7497870, -1.2439250],
[51.7497840, -1.2438480],
[51.7497820, -1.2437750],
[51.7497790, -1.2436990],
[51.7497760, -1.2436290],
[51.7497620, -1.2435900],
[51.7497440, -1.2435580],
[51.7497430, -1.2434940],
[51.7497560, -1.2434500],
[51.7497800, -1.2434170],
[51.7497990, -1.2433770],
[51.7498210, -1.2433050],
[51.7498290, -1.2432280],
[51.7498160, -1.2431570],
[51.7497860, -1.2430910],
[51.7497270, -1.2430440],
[51.7496940, -1.2430320],
[51.7496590, -1.2430250],
[51.7496160, -1.2430070],
[51.7495870, -1.2429990],
[51.7495430, -1.2429730],
[51.7495020, -1.2429540],
[51.7494660, -1.2429370],
[51.7494290, -1.2429040],
[51.7493950, -1.2428610],
[51.7493690, -1.2428170],
[51.7493430, -1.2427710],
[51.7493180, -1.2427260],
[51.7492960, -1.2426760],
[51.7492810, -1.2426230],
[51.7492670, -1.2425750],
[51.7492540, -1.2425330],
[51.7492240, -1.2424630],
[51.7492050, -1.2424320],
[51.7491790, -1.2423990],
[51.7491470, -1.2423650],
[51.7491210, -1.2423290],
[51.7490960, -1.2422930],
[51.7490780, -1.2422570],
[51.7490610, -1.2422160],
[51.7490420, -1.2421740],
[51.7490300, -1.2421310],
[51.7490100, -1.2420860],
[51.7489890, -1.2420420],
[51.7489730, -1.2420010],
[51.7489610, -1.2419610],
[51.7489420, -1.2418930],
[51.7489310, -1.2418110],
[51.7489270, -1.2417250],
[51.7489200, -1.2416570],
[51.7489030, -1.2415970],
[51.7488850, -1.2415170],
[51.7488840, -1.2414340],
[51.7488760, -1.2413700],
[51.7488680, -1.2413010],
[51.7488520, -1.2412340],
[51.7488320, -1.2411620],
[51.7488230, -1.2411210],
[51.7488180, -1.2410380],
[51.7488190, -1.2409670],
[51.7488140, -1.2408960],
[51.7488080, -1.2408200],
[51.7488010, -1.2407350],
[51.7487970, -1.2406920],
[51.7487820, -1.2406500],
[51.7487660, -1.2405730],
[51.7487510, -1.2405010],
[51.7487400, -1.2404610],
[51.7487440, -1.2403820],
[51.7487410, -1.2403010],
[51.7487390, -1.2402230],
[51.7487300, -1.2401550],
[51.7487160, -1.2400910],
[51.7486990, -1.2400330],
[51.7486770, -1.2399750],
[51.7486470, -1.2399300],
[51.7486140, -1.2398740],
[51.7485850, -1.2398040],
[51.7485820, -1.2397590],
[51.7485730, -1.2397160],
[51.7485650, -1.2396710],
[51.7485610, -1.2396240],
[51.7485580, -1.2395460],
[51.7485470, -1.2394830],
[51.7485330, -1.2394290],
[51.7485130, -1.2393720],
[51.7484950, -1.2393150],
[51.7484810, -1.2392530],
[51.7484660, -1.2391910],
[51.7484460, -1.2391360],
[51.7484170, -1.2390880],
[51.7483870, -1.2390380],
[51.7483640, -1.2390070],
[51.7483400, -1.2389730],
[51.7483160, -1.2389340],
[51.7482910, -1.2388950],
[51.7482670, -1.2388570],
[51.7482410, -1.2388190],
[51.7482160, -1.2387840],
[51.7481840, -1.2387500],
[51.7481570, -1.2387150],
[51.7481370, -1.2386770],
[51.7481230, -1.2386380],
[51.7481110, -1.2385980],
[51.7480940, -1.2385270],
[51.7480760, -1.2384550],
[51.7480590, -1.2383790],
[51.7480440, -1.2383040],
[51.7480320, -1.2382300],
[51.7480150, -1.2381560],
[51.7479930, -1.2380920],
[51.7479760, -1.2380340],
[51.7479670, -1.2379730],
[51.7479500, -1.2379060],
[51.7479350, -1.2378350],
[51.7479240, -1.2377550],
[51.7479120, -1.2376800],
[51.7478950, -1.2376070],
[51.7478790, -1.2375470],
[51.7478600, -1.2374920],
[51.7478240, -1.2374450],
[51.7477910, -1.2373950],
[51.7477610, -1.2373610],
[51.7477370, -1.2373090],
[51.7477210, -1.2372470],
[51.7477010, -1.2372130],
[51.7476800, -1.2371830],
[51.7476500, -1.2371150],
[51.7476440, -1.2370340],
[51.7476440, -1.2369290],
[51.7476450, -1.2368980],
[51.7476440, -1.2368130],
[51.7476480, -1.2367410],
[51.7476490, -1.2366830],
[51.7476420, -1.2366300],
[51.7476270, -1.2365760],
[51.7475990, -1.2365390],
[51.7475810, -1.2364850],
[51.7475820, -1.2364370],
[51.7475890, -1.2363860],
[51.7476020, -1.2363160],
[51.7475910, -1.2362470],
[51.7475800, -1.2362050],
[51.7475670, -1.2361620],
[51.7475520, -1.2361150],
[51.7475330, -1.2360720],
[51.7475130, -1.2360220],
[51.7474930, -1.2359730],
[51.7474810, -1.2359280],
[51.7474680, -1.2358820],
[51.7474610, -1.2358310],
[51.7474500, -1.2357850],
[51.7474390, -1.2357380],
[51.7474260, -1.2356920],
[51.7474180, -1.2356490],
[51.7474000, -1.2355780],
[51.7473890, -1.2355180],
[51.7473690, -1.2354750],
[51.7473410, -1.2354250],
[51.7473220, -1.2353750],
[51.7473040, -1.2353310],
[51.7472830, -1.2352700],
[51.7472680, -1.2352310],
[51.7472530, -1.2351890],
[51.7472330, -1.2351420],
[51.7472090, -1.2351040],
[51.7471920, -1.2350700],
[51.7471620, -1.2350040],
[51.7471400, -1.2349680],
[51.7471220, -1.2349330],
[51.7471050, -1.2348940],
[51.7470860, -1.2348520],
[51.7470590, -1.2347880],
[51.7470430, -1.2347360],
[51.7470320, -1.2346910],
[51.7470110, -1.2346430],
[51.7469980, -1.2345950],
[51.7469930, -1.2345330],
[51.7469820, -1.2344540],
[51.7469700, -1.2344060],
[51.7469560, -1.2343620],
[51.7469350, -1.2343250],
[51.7469130, -1.2342890],
[51.7468930, -1.2342490],
[51.7468760, -1.2342090],
[51.7468580, -1.2341720],
[51.7468250, -1.2341050],
[51.7468050, -1.2340390],
[51.7467870, -1.2339730],
[51.7467650, -1.2339220],
[51.7467360, -1.2338630],
[51.7467130, -1.2337990],
[51.7466980, -1.2337330],
[51.7466800, -1.2336610],
[51.7466670, -1.2336220],
[51.7466470, -1.2335750],
[51.7466240, -1.2335260],
[51.7466010, -1.2334730],
[51.7465780, -1.2334180],
[51.7465540, -1.2333690],
[51.7465330, -1.2333280],
[51.7465120, -1.2332930],
[51.7464750, -1.2332410],
[51.7464430, -1.2331930],
[51.7464160, -1.2331500],
[51.7463910, -1.2331020],
[51.7463650, -1.2330610],
[51.7463410, -1.2330190],
[51.7463010, -1.2329110],
[51.7462840, -1.2328770],
[51.7462550, -1.2328230],
[51.7462370, -1.2327760],
[51.7462200, -1.2327300],
[51.7462040, -1.2326920],
[51.7461880, -1.2326470],
[51.7461740, -1.2325880],
[51.7461510, -1.2325110],
[51.7461380, -1.2324690],
[51.7461240, -1.2324280],
[51.7461070, -1.2323910],
[51.7460630, -1.2323450],
[51.7460360, -1.2323330],
[51.7459830, -1.2323100],
[51.7459550, -1.2323010],
[51.7459100, -1.2322560],
[51.7458940, -1.2322170],
[51.7458760, -1.2321730],
[51.7458660, -1.2321290],
[51.7458530, -1.2320880],
[51.7458410, -1.2320470],
[51.7458270, -1.2320090],
[51.7458110, -1.2319690],
[51.7457970, -1.2319270],
[51.7457820, -1.2318760],
[51.7457650, -1.2318250],
[51.7457440, -1.2317750],
[51.7457240, -1.2317220],
[51.7457050, -1.2316700],
[51.7456840, -1.2316090],
[51.7456610, -1.2315520],
[51.7456430, -1.2314960],
[51.7456280, -1.2314460],
[51.7456180, -1.2314050],
[51.7455940, -1.2313380],
[51.7455650, -1.2312920],
[51.7455390, -1.2312450],
[51.7455160, -1.2311920],
[51.7454910, -1.2311420],
[51.7454640, -1.2310920],
[51.7454570, -1.2310350],
[51.7454540, -1.2309760],
[51.7454280, -1.2309080],
[51.7453950, -1.2308350],
[51.7453760, -1.2307970],
[51.7453470, -1.2307290],
[51.7453280, -1.2306630],
[51.7453120, -1.2305930],
[51.7452970, -1.2305250],
[51.7452740, -1.2304550],
[51.7452500, -1.2303860],
[51.7452230, -1.2303120],
[51.7452040, -1.2302410],
[51.7451800, -1.2301820],
[51.7451520, -1.2301340],
[51.7451230, -1.2300810],
[51.7450920, -1.2300170],
[51.7450720, -1.2299870],
[51.7450500, -1.2299160],
[51.7450380, -1.2298560],
[51.7450100, -1.2298400],
[51.7449730, -1.2298360],
[51.7449300, -1.2298200],
[51.7448960, -1.2297970],
[51.7448630, -1.2297570],
[51.7448320, -1.2297020],
[51.7448070, -1.2296440],
[51.7447660, -1.2295960],
[51.7447400, -1.2295770],
[51.7447100, -1.2295590],
[51.7446790, -1.2295480],
[51.7446470, -1.2295340],
[51.7446190, -1.2295150],
[51.7445930, -1.2294890],
[51.7445690, -1.2294580],
[51.7445410, -1.2294280],
[51.7445160, -1.2293990],
[51.7444830, -1.2293500],
[51.7444570, -1.2293020],
[51.7444330, -1.2292480],
[51.7444000, -1.2291800],
[51.7443810, -1.2291430],
[51.7443610, -1.2291080],
[51.7443420, -1.2290740],
[51.7443220, -1.2290420],
[51.7442820, -1.2289900],
[51.7442380, -1.2289410],
[51.7442150, -1.2289150],
[51.7441940, -1.2288870],
[51.7441530, -1.2288270],
[51.7441160, -1.2287680],
[51.7440770, -1.2287100],
[51.7440370, -1.2286620],
[51.7439950, -1.2286190],
[51.7439560, -1.2285690],
[51.7439340, -1.2285420],
[51.7439130, -1.2285130],
[51.7438820, -1.2284610],
[51.7438440, -1.2284040],
[51.7438040, -1.2283590],
[51.7437630, -1.2283060],
[51.7437300, -1.2282520],
[51.7436980, -1.2282040],
[51.7436660, -1.2281480],
[51.7436340, -1.2280900],
[51.7436070, -1.2280160],
[51.7435950, -1.2279730],
[51.7435730, -1.2278980],
[51.7435470, -1.2278520],
[51.7435080, -1.2277970],
[51.7434640, -1.2277440],
[51.7434400, -1.2277110],
[51.7434210, -1.2276770],
[51.7434030, -1.2276440],
[51.7433710, -1.2275860],
[51.7433350, -1.2275220],
[51.7433100, -1.2274830],
[51.7432840, -1.2274450],
[51.7432540, -1.2274070],
[51.7432280, -1.2273830],
[51.7432030, -1.2273640],
[51.7431590, -1.2273310],
[51.7431240, -1.2272960],
[51.7430900, -1.2272550],
[51.7430580, -1.2272120],
[51.7430260, -1.2271540],
[51.7429900, -1.2271010],
[51.7429710, -1.2270700],
[51.7429350, -1.2270230],
[51.7429090, -1.2269890],
[51.7428860, -1.2269650],
[51.7429000, -1.2269060],
[51.7429200, -1.2268460],
[51.7429450, -1.2267700],
[51.7429560, -1.2266930],
[51.7429550, -1.2266200],
[51.7429630, -1.2265580],
[51.7429790, -1.2264930],
[51.7430010, -1.2264270],
[51.7430330, -1.2263810],
[51.7430670, -1.2263440],
[51.7430950, -1.2262970],
[51.7431300, -1.2262480],
[51.7431660, -1.2262000],
[51.7431970, -1.2261500],
[51.7432300, -1.2261060],
[51.7432670, -1.2260670],
[51.7433020, -1.2260170],
[51.7433360, -1.2259630],
[51.7433620, -1.2259420],
[51.7434080, -1.2259000],
[51.7434320, -1.2258700],
[51.7434520, -1.2258350],
[51.7434690, -1.2257970],
[51.7434830, -1.2257590],
[51.7434980, -1.2257230],
[51.7435300, -1.2256690],
[51.7435540, -1.2256100],
[51.7435660, -1.2255710],
[51.7435780, -1.2255270],
[51.7435910, -1.2254790],
[51.7436040, -1.2254310],
[51.7436190, -1.2253920],
[51.7436510, -1.2253290],
[51.7436760, -1.2252710],
[51.7436970, -1.2252110],
[51.7437280, -1.2251520],
[51.7437600, -1.2250890],
[51.7437880, -1.2250510],
[51.7438140, -1.2250040],
[51.7438380, -1.2249460],
[51.7438960, -1.2248500],
[51.7438730, -1.2248030],
[51.7438850, -1.2247600],
[51.7438860, -1.2246920],
[51.7439020, -1.2246420],
[51.7439160, -1.2245940],
[51.7439290, -1.2245200],
[51.7439270, -1.2244590],
[51.7439060, -1.2244000],
[51.7438850, -1.2243460],
[51.7438690, -1.2242940],
[51.7438330, -1.2242110],
[51.7438090, -1.2241580],
[51.7437870, -1.2241080],
[51.7437490, -1.2240560],
[51.7437090, -1.2239860],
[51.7436850, -1.2239200],
[51.7436710, -1.2238480],
[51.7436620, -1.2237870],
[51.7436510, -1.2237200],
[51.7436410, -1.2236460],
[51.7436230, -1.2235740],
[51.7435960, -1.2235120],
[51.7435640, -1.2234540],
[51.7435450, -1.2233800],
[51.7435310, -1.2233380],
[51.7435150, -1.2232950],
[51.7434910, -1.2232640],
[51.7434600, -1.2232150],
[51.7434430, -1.2231290],
[51.7434490, -1.2230580],
[51.7434540, -1.2229690],
[51.7434570, -1.2228870],
[51.7434570, -1.2228140],
[51.7434460, -1.2227590],
[51.7434330, -1.2227210],
[51.7434000, -1.2226720],
[51.7433660, -1.2226280],
[51.7433420, -1.2226030],
[51.7433000, -1.2225490],
[51.7432800, -1.2225200],
[51.7432530, -1.2224690],
[51.7432330, -1.2224200],
[51.7431940, -1.2223950],
[51.7431520, -1.2223530],
[51.7431160, -1.2222770],
[51.7431010, -1.2222320],
[51.7430870, -1.2221820],
[51.7430760, -1.2221310],
[51.7430660, -1.2220830],
[51.7430550, -1.2220380],
[51.7430410, -1.2219980],
[51.7430170, -1.2219250],
[51.7430010, -1.2218610],
[51.7429870, -1.2218020],
[51.7429730, -1.2217250],
[51.7429690, -1.2216770],
[51.7429650, -1.2216280],
[51.7429620, -1.2215790],
[51.7429620, -1.2215020],
[51.7429600, -1.2214340],
[51.7429520, -1.2213810],
[51.7429370, -1.2213010],
[51.7429300, -1.2212510],
[51.7429180, -1.2212000],
[51.7429110, -1.2211580],
[51.7429020, -1.2211150],
[51.7428990, -1.2210410],
[51.7429030, -1.2209660],
[51.7428950, -1.2209090],
[51.7428840, -1.2208610],
[51.7428570, -1.2208040],
[51.7428140, -1.2207650],
[51.7427750, -1.2207280],
[51.7427410, -1.2206800],
[51.7427060, -1.2206320],
[51.7426650, -1.2205810],
[51.7426200, -1.2205290],
[51.7425990, -1.2205020],
[51.7425710, -1.2204470],
[51.7425560, -1.2204000],
[51.7425410, -1.2203550],
[51.7425290, -1.2203130],
[51.7425210, -1.2202690],
[51.7424860, -1.2202150],
[51.7424630, -1.2201830],
[51.7424410, -1.2201500],
[51.7424220, -1.2201120],
[51.7424020, -1.2200730],
[51.7423680, -1.2200120],
[51.7423320, -1.2199650],
[51.7422910, -1.2199210],
[51.7422540, -1.2198730],
[51.7422220, -1.2198290],
[51.7421840, -1.2197710],
[51.7421580, -1.2197450],
[51.7421290, -1.2197200],
[51.7420990, -1.2196900],
[51.7420650, -1.2196650],
[51.7420300, -1.2196350],
[51.7420000, -1.2196070],
[51.7419750, -1.2195850],
[51.7419520, -1.2195540],
[51.7419270, -1.2195160],
[51.7419070, -1.2194780],
[51.7418840, -1.2194460],
[51.7418560, -1.2194210],
[51.7418250, -1.2194010],
[51.7417930, -1.2193830],
[51.7417590, -1.2193630],
[51.7417350, -1.2193320],
[51.7417080, -1.2192690],
[51.7417090, -1.2191980],
[51.7416800, -1.2191320],
[51.7416510, -1.2190980],
[51.7416230, -1.2190650],
[51.7415930, -1.2190340],
[51.7415660, -1.2190010],
[51.7415410, -1.2189680],
[51.7415180, -1.2189310],
[51.7415020, -1.2188900],
[51.7414860, -1.2188510],
[51.7414670, -1.2188140],
[51.7414490, -1.2187760],
[51.7414310, -1.2187380],
[51.7414150, -1.2187020],
[51.7413960, -1.2186700],
[51.7413650, -1.2186050],
[51.7413480, -1.2185690],
[51.7413290, -1.2185300],
[51.7413070, -1.2184890],
[51.7412870, -1.2184480],
[51.7412740, -1.2184070],
[51.7412610, -1.2183640],
[51.7412490, -1.2183220],
[51.7412300, -1.2182400],
[51.7412240, -1.2181970],
[51.7412130, -1.2181530],
[51.7412040, -1.2181110],
[51.7411930, -1.2180430],
[51.7411760, -1.2179770],
[51.7411500, -1.2179070],
[51.7411350, -1.2178700],
[51.7411120, -1.2178000],
[51.7411010, -1.2177320],
[51.7410910, -1.2176670],
[51.7410760, -1.2175930],
[51.7410660, -1.2175200],
[51.7410600, -1.2174400],
[51.7410570, -1.2173930],
[51.7410540, -1.2173450],
[51.7410490, -1.2172940],
[51.7410460, -1.2172500],
[51.7410190, -1.2171830],
[51.7409950, -1.2171140],
[51.7409820, -1.2170300],
[51.7409800, -1.2169770],
[51.7409770, -1.2169310],
[51.7409760, -1.2168830],
[51.7409630, -1.2168030],
[51.7409420, -1.2167240],
[51.7409320, -1.2166470],
[51.7409150, -1.2165790],
[51.7409050, -1.2165150],
[51.7408990, -1.2164530],
[51.7408970, -1.2163760],
[51.7409050, -1.2163000],
[51.7409350, -1.2162380],
[51.7409530, -1.2161530],
[51.7409560, -1.2161090],
[51.7409500, -1.2160570],
[51.7409450, -1.2160110],
[51.7409320, -1.2159630],
[51.7409140, -1.2159160],
[51.7409000, -1.2158690],
[51.7408850, -1.2158210],
[51.7408720, -1.2157740],
[51.7408600, -1.2157290],
[51.7408490, -1.2156860],
[51.7408330, -1.2156030],
[51.7408260, -1.2155590],
[51.7408200, -1.2155160],
[51.7408160, -1.2154720],
[51.7408110, -1.2153860],
[51.7408080, -1.2153410],
[51.7408060, -1.2152540],
[51.7408070, -1.2151740],
[51.7408070, -1.2151280],
[51.7407980, -1.2150460],
[51.7407950, -1.2149700],
[51.7408000, -1.2149020],
[51.7408160, -1.2148350],
[51.7408320, -1.2147600],
[51.7408490, -1.2146900],
[51.7408520, -1.2146180],
[51.7408280, -1.2145420],
[51.7407990, -1.2144740],
[51.7407830, -1.2144350],
[51.7407650, -1.2143960],
[51.7407470, -1.2143520],
[51.7407350, -1.2143100],
[51.7407240, -1.2142630],
[51.7407170, -1.2142120],
[51.7407060, -1.2141680],
[51.7406960, -1.2140830],
[51.7406860, -1.2139990],
[51.7406770, -1.2139140],
[51.7406610, -1.2138400],
[51.7406590, -1.2137590],
[51.7406760, -1.2137120],
[51.7406940, -1.2136600],
[51.7407100, -1.2136110],
[51.7407230, -1.2135430],
[51.7407330, -1.2134770],
[51.7407330, -1.2134170],
[51.7407150, -1.2133680],
[51.7406970, -1.2133240],
[51.7406710, -1.2132830],
[51.7406470, -1.2132440],
[51.7406260, -1.2132080],
[51.7406050, -1.2131750],
[51.7405700, -1.2131200],
[51.7405480, -1.2130600],
[51.7405440, -1.2130170],
[51.7405290, -1.2129790],
[51.7405050, -1.2129150],
[51.7404650, -1.2128700],
[51.7404400, -1.2128410],
[51.7404200, -1.2128090],
[51.7403990, -1.2127690],
[51.7403790, -1.2127280],
[51.7403630, -1.2126880],
[51.7403480, -1.2126390],
[51.7403280, -1.2125800],
[51.7403080, -1.2125270],
[51.7402900, -1.2124710],
[51.7402720, -1.2124120],
[51.7402630, -1.2123430],
[51.7402500, -1.2122780],
[51.7402420, -1.2122330],
[51.7402300, -1.2121590],
[51.7402320, -1.2120980],
[51.7402440, -1.2120400],
[51.7404540, -1.2119090],
[51.7404300, -1.2118910],
[51.7403950, -1.2118680],
[51.7403530, -1.2118460],
